170
171
170
171
170
171
170
171
170
170
170
170
171
171
171
170
171
170
171
171
171
170
171
170
170
170
170
170
170
171
170
170
170
171
171
171
170
170
170
170
171
170
170
170
170
170
170
171
171
171
171
170
170
170
170
170
171
170
170
170
170
171
171
171
170
170
171
170
170
171
171
170
171
170
170
170
171
170
171
171
170
170
170
171
170
171
171
170
170
171
170
170
170
170
171
170
170
170
171
171
171
170
171
171
171
171
171
170
170
170
170
170
170
171
170
170
170
170
170
171
170
170
170
170
170
170
170
170
171
171
170
170
171
171
171
170
170
171
170
171
170
171
170
171
171
170
170
171
170
171
171
170
170
170
171
171
171
171
170
171
170
170
171
170
170
170
170
170
170
171
170
171
170
170
170
171
170
170
170
170
171
170
171
171
171
171
170
170
170
170
170
171
170
170
170
170
170
171
170
171
170
170
171
170
171
170
171
170
170
170
170
170
171
170
170
170
170
170
170
170
170
171
170
170
170
170
170
171
170
170
170
170
170
171
171
170
170
170
170
170
171
170
170
170
170
170
170
170
170
171
170
170
170
170
170
170
170
170
170
170
170
170
170
170
170
170
170
171
172
173
175
177
180
184
188
193
199
205
211
219
227
236
246
256
266
277
288
300
311
324
336
349
362
374
388
401
415
430
444
459
473
488
503
518
533
548
563
578
594
609
623
638
653
668
682
696
710
723
736
748
760
771
782
791
800
809
816
824
831
837
842
847
852
856
859
862
865
867
868
869
870
870
870
870
870
870
870
870
871
870
870
870
870
870
870
870
870
870
870
870
870
870
870
870
870
870
870
870
870
870
870
870
870
870
870
870
870
870
870
870
870
870
870
870
870
870
870
870
870
870
870
870
870
870
870
870
870
870
870
870
870
870
870
870
871
870
870
870
870
870
870
870
870
871
870
870
870
870
870
870
870
870
870
870
870
870
870
870
870
870
870
870
871
870
871
870
870
870
870
870
870
870
870
870
870
870
870
870
870
870
870
870
870
870
871
870
870
870
870
870
870
870
870
870
870
870
870
870
870
870
870
870
870
870
870
870
870
871
870
870
870
870
870
870
870
870
870
870
870
870
870
870
870
870
870
870
870
870
870
870
870
870
870
870
870
870
870
870
870
870
870
870
870
870
870
870
870
870
870
870
870
871
870
870
870
870
870
870
870
870
870
870
870
870
870
870
870
870
870
870
870
870
870
870
870
870
870
870
870
870
870
870
870
870
870
870
870
870
870
870
870
870
870
870
870
870
870
870
870
870
870
870
870
870
870
870
870
870
870
870
870
870
870
870
870
870
870
870
870
870
870
870
870
870
870
870
870
870
870
870
870
870
870
870
870
870
870
869
870
869
870
869
869
869
869
868
868
866
865
862
858
854
849
843
836
829
820
810
800
790
778
766
752
739
724
710
694
679
663
646
630
612
594
576
558
540
521
502
484
465
446
428
410
392
375
358
342
325
310
297
283
271
259
247
237
228
219
211
204
197
190
185
180
177
174
172
171
170
170
170
170
170
170
170
170
170
170
170
170
171
170
170
170
170
170
171
171
170
170
171
170
170
171
170
170
170
170
171
170
170
170
171
170
171
170
170
170
171
170
170
171
170
170
171
171
170
171
171
170
170
170
170
170
170
170
171
171
171
170
171
170
170
170
170
171
171
171
170
170
170
170
171
171
170
171
170
170
170
170
171
170
171
170
170
171
170
170
171
170
170
170
170
171
170
171
170
171
170
171
170
171
170
171
170
170
170
171
171
171
171
170
171
170
171
170
171
170
171
171
170
