186
186
186
186
186
186
186
186
186
186
186
186
186
186
186
186
186
186
186
186
186
186
186
186
187
186
186
186
186
186
186
186
186
186
186
186
186
187
186
186
186
186
186
186
186
186
187
186
186
186
186
186
186
186
186
186
186
186
186
186
186
186
186
186
186
186
186
186
186
186
186
186
186
186
187
186
186
186
186
186
187
186
186
186
186
186
186
186
186
187
186
186
186
186
186
186
186
186
186
186
186
186
187
186
187
186
186
186
186
186
186
186
186
186
186
186
186
186
186
186
186
186
186
186
186
186
186
186
186
186
186
186
186
186
186
186
186
186
186
186
186
186
186
186
186
186
186
186
186
186
186
186
186
186
186
186
186
186
186
186
186
186
186
186
186
186
186
186
186
186
186
186
186
187
186
186
186
186
186
186
186
186
186
186
186
186
186
186
186
186
186
186
186
186
186
186
186
186
186
186
186
186
186
186
186
186
186
186
186
186
186
186
186
186
186
186
187
186
186
186
186
186
186
186
186
186
186
186
186
186
186
186
186
186
186
186
186
186
186
186
186
186
186
186
186
186
186
186
186
186
186
186
186
186
186
186
186
186
186
186
186
186
186
186
186
186
186
186
187
186
186
186
186
186
187
188
190
192
196
200
204
210
217
224
232
241
251
262
274
287
300
314
329
345
362
378
395
413
431
449
468
487
506
526
546
565
584
603
622
641
658
675
691
708
723
737
751
764
777
789
799
810
820
829
838
845
853
859
865
870
875
879
882
884
885
886
887
887
887
887
887
887
887
887
887
887
887
887
887
887
887
887
887
887
887
887
887
887
887
887
887
887
887
887
887
887
887
887
887
887
887
887
887
887
887
887
887
887
887
887
887
887
887
887
887
887
887
887
887
887
887
887
887
887
887
887
887
887
887
887
887
887
887
887
887
887
887
887
887
887
887
887
887
887
887
887
887
887
887
887
887
887
886
887
887
887
887
887
887
887
887
887
887
887
887
887
887
887
887
887
887
887
887
887
887
887
887
887
887
887
887
887
887
887
887
887
887
887
887
887
887
887
887
887
887
887
887
887
887
887
887
887
887
887
887
887
887
887
887
887
887
887
887
887
887
887
887
887
887
887
887
887
887
887
887
887
887
887
887
887
887
887
887
887
887
887
887
887
887
887
887
887
887
887
887
887
887
887
887
887
887
887
887
887
887
887
887
887
887
887
887
888
887
887
887
887
887
887
887
887
887
887
887
887
887
887
887
887
887
887
887
887
887
887
887
888
887
887
887
887
887
887
887
887
887
887
887
887
887
887
887
887
887
887
887
887
887
887
887
887
887
887
887
887
887
887
887
887
887
887
887
887
887
887
887
887
887
887
887
886
887
886
887
886
886
886
886
886
886
886
886
886
886
886
885
885
884
883
881
880
877
875
871
867
863
858
852
846
840
832
825
817
808
798
789
779
769
758
746
735
723
711
698
686
673
660
647
634
619
605
592
577
563
548
534
520
505
490
476
462
447
433
419
405
391
378
365
352
340
328
317
306
296
286
278
268
260
253
245
238
232
226
220
215
210
205
201
198
195
192
190
188
187
187
186
186
186
186
185
186
186
186
186
186
186
186
186
186
186
186
186
186
186
186
186
186
186
186
186
186
186
186
186
186
186
186
186
186
186
186
186
186
186
186
186
186
186
186
186
186
186
186
186
186
186
186
186
186
186
186
186
186
186
186
186
186
186
186
186
186
186
186
186
186
186
186
186
186
186
186
186
186
186
186
186
186
186
186
186
186
186
186
186
186
186
186
186
186
187
186
186
186
186
186
186
186
186
186
186
186
