188
188
187
188
188
188
188
188
188
188
188
188
188
188
188
188
188
188
188
188
188
188
188
188
188
188
188
188
188
188
188
188
188
188
188
188
188
188
188
188
188
188
188
188
188
188
188
188
188
188
188
188
188
188
188
188
188
188
187
188
188
188
188
188
188
188
188
187
188
188
188
188
188
188
188
188
188
188
188
188
188
188
188
188
188
188
187
188
188
188
188
188
188
188
188
188
188
188
188
188
188
188
188
188
188
188
188
188
188
188
188
188
188
188
187
188
188
188
188
188
188
188
188
188
188
188
188
188
188
188
188
188
188
188
188
188
188
188
188
188
188
188
188
188
187
188
188
188
188
188
188
188
188
188
188
188
188
188
188
188
188
188
188
188
188
188
188
188
188
188
188
188
188
188
188
188
188
188
188
188
188
188
188
188
188
188
188
188
188
188
188
188
188
188
188
188
188
188
188
188
188
188
188
188
188
188
188
188
188
187
188
188
188
188
188
188
188
188
188
188
188
188
187
188
188
188
188
188
188
188
188
187
188
188
188
188
188
188
188
188
188
188
188
188
188
188
188
188
188
188
188
188
188
187
188
188
188
188
188
188
188
188
188
188
188
188
188
188
188
188
188
188
188
188
188
188
188
189
191
194
197
201
206
212
220
228
237
248
259
272
285
299
315
332
349
367
386
406
425
445
466
487
508
529
550
572
593
613
635
654
673
691
708
724
740
755
769
782
795
806
817
827
837
846
854
861
868
873
878
881
884
886
886
887
887
887
887
887
887
887
887
887
887
887
887
887
887
887
887
887
887
887
887
887
887
887
887
887
887
887
887
888
887
887
887
887
887
887
887
887
887
887
887
887
887
887
887
887
887
887
887
887
887
887
887
887
887
887
887
887
887
887
887
887
887
887
887
887
887
887
887
887
887
887
887
887
887
887
887
887
887
887
887
887
887
888
887
887
887
887
887
887
887
887
888
887
888
887
887
887
887
887
888
887
887
887
887
888
887
887
887
887
887
887
887
887
887
887
887
887
887
887
887
887
887
887
887
887
887
887
887
887
887
887
887
887
887
887
887
887
887
887
887
887
887
887
887
887
887
887
887
887
887
887
887
887
887
887
887
887
887
887
887
887
887
887
887
887
887
887
887
887
887
887
887
887
887
887
887
887
887
887
887
887
887
887
887
887
887
887
887
887
887
887
887
887
887
886
887
886
885
883
881
876
870
863
854
843
830
815
799
782
763
743
723
702
680
657
633
609
584
558
533
507
481
455
430
405
381
356
334
312
292
274
258
244
231
221
212
204
197
193
189
188
187
187
187
187
187
188
187
187
187
188
187
188
188
187
188
187
188
187
188
187
188
188
188
188
187
188
188
188
188
188
188
188
188
188
187
188
188
188
188
188
188
188
188
188
188
188
188
188
188
188
188
188
188
188
188
188
188
188
188
188
188
188
188
188
188
188
188
188
188
188
188
188
188
188
188
188
188
188
187
188
188
188
188
188
188
188
188
188
188
188
188
188
188
188
188
188
188
188
188
188
188
188
188
188
188
188
188
188
188
188
188
188
187
188
188
188
188
188
188
188
188
187
188
188
188
188
188
188
188
188
188
188
188
188
188
188
188
188
188
188
188
188
188
188
188
188
188
188
188
188
188
188
188
188
188
188
188
188
188
188
188
188
188
188
188
188
188
188
188
188
188
188
188
188
188
188
188
188
188
188
188
188
188
188
188
188
188
188
188
188
188
188
188
188
188
188
188
188
188
188
188
188
188
188
188
188
188
188
188
188
188
188
188
188
188
188
188
188
188
188
188
188
188
188
188
188
