186
185
186
186
186
186
185
185
186
186
185
185
186
186
185
186
186
186
186
186
186
186
186
186
186
185
186
186
186
185
186
185
185
185
186
186
185
185
185
186
186
185
185
186
186
186
186
186
185
185
185
186
186
186
186
186
186
186
185
185
185
186
186
185
185
186
186
185
186
186
186
185
186
186
186
186
186
186
186
186
186
186
185
186
185
186
186
186
186
186
186
185
186
186
185
186
185
186
186
186
185
186
185
186
186
185
186
186
186
186
186
186
186
186
186
185
186
186
186
186
186
186
186
186
186
186
186
186
186
185
185
186
186
185
186
186
186
185
186
186
185
185
186
186
186
185
186
185
185
186
186
186
186
186
186
186
186
186
186
186
186
186
186
186
186
186
185
186
185
185
186
186
185
186
186
186
185
186
186
186
186
186
185
186
186
186
186
186
185
186
186
186
186
186
186
185
186
185
186
185
185
186
186
186
186
186
186
185
185
186
186
186
185
186
185
186
186
185
186
186
186
186
186
186
185
186
185
186
186
185
185
185
185
185
185
185
186
186
186
185
186
186
185
185
186
185
185
185
185
185
185
185
185
185
186
186
185
186
186
185
185
186
186
185
185
186
185
185
185
185
185
185
185
185
185
185
185
185
186
187
190
194
199
205
213
222
233
244
257
272
287
302
319
337
355
373
392
411
430
450
471
492
513
534
556
577
598
620
641
661
681
701
720
739
757
774
789
803
815
826
835
844
851
857
862
866
869
871
872
872
871
871
872
872
872
872
872
872
871
871
872
872
872
872
872
872
872
872
872
872
872
871
871
872
872
871
871
872
872
872
871
872
872
872
871
871
872
872
871
872
872
872
872
872
872
872
871
872
872
872
872
871
871
872
871
871
872
871
872
871
872
872
872
872
871
872
872
872
872
872
872
871
871
871
872
872
872
872
871
872
872
872
872
872
871
871
872
872
872
872
871
872
872
872
872
872
872
872
872
872
872
871
872
872
872
871
872
872
872
872
871
872
872
872
871
871
872
872
872
871
872
872
871
872
872
872
872
871
872
872
872
872
872
872
872
871
872
872
871
872
872
872
872
871
872
872
872
872
872
871
872
872
872
872
872
872
872
872
872
872
872
871
872
872
872
871
872
872
871
871
872
871
872
872
872
872
872
871
872
872
871
870
868
865
860
853
844
834
821
806
791
775
757
738
719
700
679
658
636
614
591
568
544
521
498
474
451
428
405
382
360
338
317
297
278
260
245
231
219
209
201
195
190
187
185
185
185
185
185
185
185
185
185
185
185
185
185
185
185
185
185
185
186
185
185
185
186
185
185
185
186
185
186
185
185
186
185
185
185
186
185
185
185
186
186
185
185
186
185
186
186
186
186
186
186
186
186
186
186
185
186
186
186
185
186
186
186
185
186
185
186
186
186
186
186
185
186
185
186
186
185
186
186
186
186
186
185
186
185
186
186
186
185
186
186
186
185
185
185
186
185
185
186
186
185
185
186
186
186
185
186
186
186
185
186
186
186
185
185
186
185
185
185
185
186
185
186
186
186
186
186
186
186
186
186
186
186
185
186
186
185
186
186
185
186
186
186
185
186
186
186
186
186
186
186
185
186
186
186
186
186
185
186
186
186
186
186
186
185
186
186
186
186
186
185
186
186
186
186
186
186
185
185
186
186
186
186
186
186
185
186
186
185
185
186
185
186
186
186
186
185
186
185
185
185
186
185
186
186
185
185
186
185
185
186
186
186
186
186
186
186
185
186
186
186
186
186
185
186
186
185
185
186
186
185
185
186
185
185
186
186
185
186
185
186
186
185
185
186
186
